10 0.01 90	
	447
	459
	452
	450
	489
	483
	436
	453
	485
	437
	448
	460
	461
	463
	474
	475
	458
	443
	455
	481
	466
	439
	432
	435
	442
	440
	442
	454
	458
	452
	473
	489
	445
	458
	441
	462
	457
	445
	462
	463
	449
	452
	454
	466
	483
	445
	437
	447
	461
	473
	474
	477
	464
	484
	458
	433
	476
	471
	470
	443
	456
	465
	477
	467
	459
	453
	454
	436
	457
	466
	450
	457
	469
	438
	459
	469
	459
	445
	455
	433
	456
	466
	456
	459
	459
	450
	443
	447
	436
	478
	469
	470
	472
	447
	458
	469
	470
	466
	458
	462
	448
	471
	447
	456
	494
	462
	449
	414
	433
	456
	436
	443
	449
	444
	452
	413
	424
	431
	433
	447
	460
	446
	425
	433
	434
	434
	459
	500
	464
	464
	462
	448
	446
	456
	437
	451
	441
	470
	457
	463
	479
	472
	461
	463
	446
	453
	422
	420
	438
	420
	420
	447
	444
	438
	427
	461
	445
	417
	450
	454
	450
	436
	467
	485
	484
	443
	482
	492
	476
	465
	446
	435
	461
	477
	450
	470
	438
	429
	462
	452
	441
	438
	454
	475
	459
	439
	424
	431
	447
	436
	454
	453
	459
	450
	440
	444
	438
	447
	449
	451
	448
	441
	415
	466
	431
	431
	414
	456
	467
	458
	430
	427
	457
	447
	435
	463
	451
	443
	452
	456
	464
	458
	435
	432
	425
	449
	453
	452
	450
	441
	476
	472
	455
	462
	438
	425
	459
	470
	448
	434
	440
	466
	455
	475
	449
	462
	456
	439
	435
	428
	456
	452
	421
	437
	455
	457
	466
	432
	420
	425
	428
	452
	446
	458
	437
	462
	475
	462
	454
	463
	479
	479
	477
	495
	475
	477
	476
	458
	466
	481
	470
	461
	425
	453
	462
	448
	471
	460
	460
	443
	456
	454
	444
	449
	432
	419
	446
	454
	421
	434
	433
	437
	445
	462
	444
	410
	429
	413
	429
	399
	407
	438
	452
	456
	422
	426
	457
	467
	429
	441
	453
	441
	421
	397
	409
	453
	437
	440
	477
	443
	453
	441
	449
	435
	447
	454
	449
	462
	436
	440
	456
	428
	412
	421
	443
	455
	466
	465
	450
	449
	436
	453
	453
	435
	418
	423
	440
	455
	436
	429
	427
	464
	462
	443
	461
	452
	442
	460
	481
	463
	472
	490
	514
	494
	475
	491
	490
	473
	489
	486
	480
	476
	519
	520
	476
	519
	522
	531
	535
	526
	561
	557
	573
	547
	568
	598
	640
	663
	698
	740
	848
	947
	1031
	1211
	1384
	1588
	1868
	2125
	2448
	2780
	3106
	3275
	3515
	3402
	3252
	3112
	2833
	2505
	2143
	1823
	1502
	1220
	978
	829
	756
	663
	630
	588
	555
	555
	546
	515
	513
	513
	510
	510
	497
	464
	488
	500
	491
	462
	468
	456
	449
	437
	445
	475
	462
	431
	433
	448
	441
	426
	404
	401
	437
	426
	390
	431
	419
	413
	425
	431
	428
	403
	398
	416
	426
	413
	404
	410
	437
	411
	410
	419
	407
	435
	414
	398
	401
	394
	393
	404
	426
	421
	419
	403
	398
	411
	390
	406
	382
	404
	435
	426
	428
	403
	388
	418
	410
	422
	416
	429
	409
	380
	391
	398
	394
	414
	414
	431
	439
	427
	391
	435
	443
	381
	399
	422
	476
	434
	414
	445
	465
	441
	454
	439
	454
	469
	443
	433
	427
	430
	419
	431
	436
	417
	433
	401
	410
	425
	420
	418
	407
	418
	412
	405
	403
	410
	414
	419
	416
	430
	411
	415
	421
	415
	420
	382
	389
	390
	396
	403
	391
	389
	370
	385
	403
	391
	385
	399
	399
	391
	385
	404
	402
	370
	405
	405
	375
	351
	386
	416
	383
	387
	398
	377
	378
	381
	386
	378
	395
	398
	395
	393
	395
	377
	374
	386
	406
	388
	383
	395
	393
	382
	392
	391
	379
	384
	381
	375
	366
	403
	373
	365
	365
	357
	383
	381
	375
	356
	386
	399
	383
	388
	366
	378
	372
	376
	382
	362
	346
	385
	379
	387
	395
	393
	385
	369
	395
	383
	361
	377
	390
	403
	390
	392
	383
	362
	398
	380
	387
	385
	402
	385
	376
	367
	364
	366
	389
	380
	379
	356
	376
	368
	374
	350
	351
	371
	374
	365
	373
	362
	372
	368
	357
	375
	384
	363
	376
	383
	376
	367
	365
	352
	359
	402
	385
	379
	373
	357
	364
	356
	372
	365
	349
	359
	378
	369
	361
	374
	361
	357
	392
	378
	389
	393
	360
	365
	394
	369
	373
	382
	365
	357
	356
	371
	395
	377
	365
	367
	369
	366
	363
	370
	360
	352
	345
	359
	379
	366
	400
	374
	366
	351
	376
	390
	375
	356
	346
	333
	342
	362
	356
	377
	366
	342
	345
	368
	359
	359
	363
	387
	371
	345
	357
	373
	335
	368
	371
	359
	349
	335
	351
	349
	355
	364
	363
	363
	386
	372
	370
	356
	347
	381
	378
	378
	352
	346
	346
	354
	357
	347
	340
	351
	365
	360
	345
	337
	349
	359
	373
	372
	363
	345
	336
	353
	359
	355
	366
	344
	335
	337
	330
	316
	346
	363
	351
	340
	351
	338
	344
	337
	362
	346
	341
	350
	372
	336
	354
	361
	359
	361
	371
	371
	381
	360
	338
	362
	368
	377
	393
	384
	376
	402
	385
	347
	381
	373
	375
	360
	370
	411
	398
	372
	388
	378
	379
	372
	369
	358
	360
	389
	387
	373
	337
	373
	370
	355
	349
	335
	339
	333
	334
	329
	337
	365
	354
	334
	344
	354
	353
	350
	329
	341
	335
	322
	334
	338
	349
	372
	334
	323
	333
	347
	333
	330
	330
	333
	341
	361
	349
	332
	348
	329
	325
	324
	339
	352
	344
	351
	333
	302
	330
	349
	337
	344
	332
	329
	332
	372
	358
	351
	329
	306
	327
	317
	326
	365
	347
	337
	341
	330
	334
	330
	331
	328
	314
	324
	317
	311
	314
	328
	325
	347
	339
	328
	331
	330
	333
	334
	329
	315
	339
	328
	320
	321
	340
	316
	327
	327
	320
	322
	353
	335
	338
	343
	355
	343
	317
	323
	340
	320
	326
	310
	323
	321
	303
	327
	323
	319
	326
	334
	332
	330
	319
	330
	327
	338
	325
	333
	334
	315
	292
	326
	326
	321
	336
	322
	326
	314
	309
	311
	339
	329
	324
	339
	336
	335
	312
	309
	312
	336
	326
	313
	321
	315
	335
	316
	321
	333
	338
	340
	306
	309
	302
	307
	321
	344
	330
	318
	313
	322
	310
	307
	301
	313
	305
	292
	320
	321
	317
	310
	312
	280
	314
	322
	297
	298
	320
	312
	317
	312
	308
	324
	325
	318
	328
	325
	304
	290
	315
	302
	295
	302
	296
	303
	315
	301
	317
	342
	308
	307
	290
	320
	321
	317
	300
	299
	301
	313
	309
	303
	304
	311
	307
	306
	325
	332
	314
	299
	302
	305
	319
	317
	295
	307
	299
	316
	330
	294
	325
	326
	322
	300
	331
	318
	316
	360
	378
	364
	354
	355
	342
	366
	353
	322
	325
	345
	335
	318
	318
	308
	313
	308
	336
	312
	315
	321
	314
	326
	300
	304
	310
	302
	283
	307
	302
	305
	325
	307
	306
	310
	302
	315
	290
	330
	337
	316
	321
	316
	307
	307
	305
	296
	300
	321
	303
	302
	331
	309
	310
	298
	293
	315
	325
	311
	316
	292
	309
	316
	291
	280
	302
	310
	283
	266
	289
	294
	293
	295
	303
	309
	294
	299
	292
	307
	324
	307
	300
	287
	299
	305
	302
	294
	301
	307
	282
	289
	289
	284
	298
	297
	295
	316
	304
	290
	320
	291
	280
	297
	299
	315
	307
	313
	325
	319
	313
	306
	296
	290
	281
	296
	292
	293
	286
	307
	315
	290
	293
	300
	310
	295
	284
	287
	301
	282
	294
	306
	284
	302
	310
	304
	295
	281
	290
	318
	305
	288
	293
	330
	320
	314
	322
	322
	306
	320
	304
	288
	304
	312
	289
	281
	295
	300
	310
	312
	308
	292
	273
	285
	301
	291
	306
	313
	295
	303
	300
	300
	311
	311
	317
	300
	292
	293
	304
	304
	309
	288
	332
	303
	324
	326
	349
	324
	334
	313
	295
	300
	284
	293
	322
	315
	312
	332
	332
	356
	350
	362
	405
	426
	442
	472
	580
	692
	764
	833
	974
	995
	1015
	1020
	953
	898
	831
	757
	720
	658
	582
	541
	451
	424
	401
	363
	360
	326
	323
	314
	324
	319
	327
	311
	311
	307
	308
	305
	306
	299
	295
	291
	289
	309
	296
	319
	313
	299
	317
	302
	282
	285
	270
	270
	282
	300
	282
	299
	304
	304
	323
	296
	275
	285
	318
	293
	271
	270
	276
	302
	288
	263
	277
	299
	302
	306
	274
	282
	307
	298
	280
	273
	282
	302
	288
	295
	271
	279
	271
	262
	270
	297
	279
	294
	309
	277
	279
	277
	296
	302
	278
	283
	269
	277
	289
	284
	278
	315
	309
	300
	280
	276
	260
	268
	281
	301
	279
	280
	272
	297
	291
	287
	281
	265
	275
	286
	296
	283
	279
	303
	283
	267
	265
	286
	269
	255
	274
	286
	289
	281
	291
	305
	296
	280
	277
	271
	262
	281
	278
	273
	294
	280
	263
	266
	278
	287
	295
	286
	277
	257
	288
	285
	281
	297
	316
	286
	279
	289
	280
	279
	269
	283
	281
	271
	276
	273
	269
	276
	278
	274
	288
	278
	266
	287
	293
	283
	262
	266
	292
	285
	291
	304
	277
	278
	290
	295
	296
	294
	301
	273
	294
	295
	269
	284
	303
	297
	305
	311
	326
	306
	299
	311
	316
	309
	326
	320
	309
	316
	314
	326
	342
	317
	332
	325
	338
	357
	359
	356
	363
	351
	329
	325
	333
	360
	368
	365
	339
	345
	322
	338
	351
	343
	386
	378
	348
	321
	300
	311
	352
	343
	318
	330
	331
	320
	325
	343
	343
	345
	333
	329
	320
	347
	314
	299
	316
	324
	322
	306
	303
	310
	304
	311
	311
	290
	287
	281
	268
	282
	285
	281
	285
	286
	278
	286
	286
	289
	293
	305
	300
	298
	314
	288
	263
	283
	294
	279
	275
	286
	280
	267
	284
	259
	260
	281
	282
	270
	248
	267
	275
	267
	246
	250
	254
	257
	261
	262
	269
	261
	264
	260
	263
	253
	246
	223
	254
	256
	248
	266
	264
	263
	277
	267
	251
	246
	254
	254
	269
	252
	246
	266
	249
	258
	245
	276
	245
	226
	256
	264
	255
	249
	243
	237
	235
	247
	239
	248
	269
	269
	259
	263
	253
	250
	244
	252
	258
	257
	264
	261
	246
	256
	247
	246
	250
	262
	243
	233
	231
	218
	241
	272
	258
	246
	243
	248
	252
	246
	238
	249
	246
	250
	248
	247
	259
	265
	253
	272
	249
	238
	253
	249
	246
	265
	263
	253
	249
	258
	260
	260
	232
	249
	252
	255
	249
	260
	258
	263
	251
	241
	248
	231
	227
	247
	245
	235
	238
	236
	225
	234
	248
	243
	238
	259
	253
	265
	240
	248
	262
	258
	231
	236
	242
	245
	246
	252
	261
	256
	247
	242
	239
	247
	250
	247
	233
	246
	242
	248
	250
	230
	238
	239
	232
	232
	236
	260
	247
	246
	262
	252
	256
	254
	269
	248
	231
	248
	233
	233
	233
	241
	251
	233
	239
	255
	244
	242
	231
	228
	242
	234
	236
	240
	228
	214
	212
	225
	243
	245
	258
	236
	229
	251
	245
	240
	249
	249
	238
	252
	252
	255
	248
	258
	258
	243
	251
	248
	243
	259
	251
	252
	260
	234
	241
	250
	251
	251
	225
	213
	225
	225
	235
	257
	255
	249
	240
	246
	238
	238
	236
	248
	255
	257
	263
	268
	264
	260
	270
	260
	260
	261
	256
	255
	232
	242
	246
	250
	245
	237
	243
	230
	258
	253
	247
	239
	228
	227
	223
	203
	224
	252
	246
	230
	229
	230
	230
	215
	213
	227
	212
	211
	218
	243
	237
	226
	205
	226
	252
	236
	237
	232
	227
	218
	241
	235
	220
	222
	236
	219
	210
	211
	239
	217
	225
	224
	235
	240
	257
	232
	224
	242
	232
	235
	237
	231
	241
	228
	234
	236
	222
	218
	227
	241
	238
	226
	237
	233
	229
	231
	230
	228
	220
	235
	250
	261
	246
	220
	224
	211
	231
	236
	235
	239
	230
	215
	248
	251
	226
	221
	231
	220
	206
	212
	222
	242
	237
	239
	241
	229
	238
	225
	259
	269
	245
	248
	251
	267
	267
	270
	271
	271
	272
	271
	275
	279
	289
	283
	282
	294
	303
	298
	273
	274
	268
	293
	285
	296
	286
	287
	284
	302
	293
	294
	298
	295
	308
	300
	301
	320
	302
	300
	299
	302
	323
	312
	305
	336
	323
	318
	321
	316
	336
	331
	315
	338
	341
	320
	330
	364
	389
	372
	378
	390
	380
	404
	403
	385
	416
	449
	473
	455
	477
	481
	529
	509
	509
	536
	533
	568
	580
	574
	590
	593
	621
	647
	686
	699
	721
	723
	694
	741
	750
	787
	773
	816
	862
	938
	969
	1018
	1132
	1193
	1232
	1406
	1649
	1946
	2318
	2883
	3734
	4912
	6414
	8347
	10481
	12689
	14861
	16461
	17128
	17279
	16577
	15241
	14118
	12973
	12012
	11430
	10478
	9389
	8187
	6830
	5498
	4307
	3440
	2741
	2162
	1822
	1627
	1460
	1347
	1263
	1234
	1168
	1138
	1089
	1089
	1089
	1041
	1042
	1021
	1022
	1071
	1065
	977
	987
	1010
	1026
	1118
	1204
	1251
	1401
	1564
	1759
	2060
	2459
	3019
	3839
	4770
	5776
	6985
	8189
	9209
	9995
	10525
	10611
	10301
	9918
	9355
	8643
	8266
	7714
	7212
	6535
	5717
	4998
	4222
	3529
	2935
	2445
	2035
	1752
	1476
	1206
	1042
	969
	918
	865
	766
	731
	671
	676
	607
	601
	568
	560
	533
	501
	476
	457
	449
	429
	428
	433
	405
	403
	408
	386
	367
	341
	333
	341
	333
	331
	311
	319
	308
	327
	318
	321
	313
	314
	303
	290
	283
	291
	310
	299
	293
	282
	263
	285
	281
	285
	264
	272
	278
	290
	275
	268
	270
	261
	266
	273
	278
	260
	250
	267
	253
	259
	276
	266
	279
	285
	269
	231
	250
	249
	246
	254
	273
	265
	270
	247
	262
	274
	241
	255
	272
	263
	259
	256
	261
	258
	251
	241
	259
	240
	239
	228
	243
	268
	266
	261
	265
	282
	298
	290
	285
	278
	278
	292
	306
	283
	278
	265
	261
	265
	269
	240
	239
	261
	252
	236
	215
	248
	247
	229
	218
	227
	225
	229
	222
	234
	220
	222
	223
	235
	240
	223
	235
	235
	232
	236
	217
	220
	244
	224
	211
	215
	210
	221
	215
	207
	223
	230
	212
	211
	198
	213
	214
	229
	216
	223
	241
	238
	225
	208
	212
	226
	219
	210
	228
	229
	214
	205
	208
	209
	204
	201
	229
	224
	217
	221
	206
	208
	220
	210
	191
	215
	228
	222
	225
	212
	205
	210
	208
	208
	199
	238
	209
	204
	213
	215
	233
	196
	193
	197
	205
	209
	209
	207
	216
	209
	212
	205
	198
	197
	209
	185
	200
	224
	227
	228
	209
	220
	204
	223
	217
	195
	192
	219
	197
	192
	194
	191
	195
	203
	198
	189
	211
	210
	215
	189
	205
	196
	197
	222
	215
	194
	185
	192
	192
	194
	207
	215
	195
	201
	197
	185
	209
	206
	174
	195
	184
	194
	201
	191
	191
	193
	199
	210
	223
	203
	179
	176
	186
	201
	210
	202
	212
	212
	199
	198
	201
	204
	210
	211
	198
	200
	214
	204
	218
	240
	260
	256
	249
	275
	287
	304
	305
	304
	300
	301
	297
	311
	269
	268
	244
	257
	262
	246
	253
	242
	227
	206
	221
	231
	187
	182
	188
	194
	190
	201
	195
	186
	187
	186
	174
	197
	185
	192
	191
	194
	173
	187
	182
	190
	184
	177
	190
	185
	177
	178
	170
	187
	183
	177
	197
	209
	193
	184
	191
	196
	176
	187
	181
	183
	182
	178
	183
	177
	174
	184
	190
	195
	183
	165
	198
	202
	197
	175
	196
	178
	184
	181
	181
	189
	186
	170
	192
	193
	176
	169
	174
	186
	200
	190
	184
	196
	190
	194
	195
	169
	177
	211
	213
	177
	183
	182
	194
	196
	187
	181
	173
	173
	175
	194
	181
	170
	193
	172
	181
	175
	184
	193
	187
	187
	178
	185
	181
	195
	191
	192
	195
	185
	184
	188
	171
	181
	192
	193
	172
	178
	183
	187
	194
	189
	188
	189
	184
	172
	176
	173
	174
	172
	182
	183
	183
	187
	182
	181
	179
	177
	184
	189
	187
	203
	180
	196
	172
	190
	203
	198
	192
	171
	186
	195
	197
	193
	180
	185
	192
	199
	187
	189
	194
	186
	196
	185
	196
	197
	192
	192
	199
	192
	188
	198
	206
	182
	197
	207
	192
	207
	205
	202
	195
	195
	184
	194
	191
	193
	202
	202
	197
	186
	181
	191
	193
	189
	181
	186
	173
	183
	195
	208
	200
	179
	195
	198
	191
	192
	190
	196
	195
	179
	177
	181
	190
	184
	165
	166
	181
	178
	182
	178
	191
	184
	172
	174
	180
	174
	167
	167
	155
	179
	167
	169
	170
	168
	175
	172
	171
	168
	173
	168
	154
	151
	176
	167
	161
	176
	152
	154
	159
	164
	168
	174
	169
	161
	149
	159
	170
	174
	178
	160
	154
	147
	160
	156
	176
	189
	159
	161
	160
	172
	179
	170
	143
	153
	161
	161
	150
	152
	154
	155
	162
	152
	163
	168
	160
	154
	148
	136
	154
	156
	166
	172
	161
	157
	133
	149
	161
	168
	165
	166
	169
	166
	146
	138
	147
	157
	139
	160
	143
	164
	172
	156
	146
	154
	159
	148
	147
	153
	157
	170
	172
	167
	158
	168
	161
	150
	149
	155
	164
	170
	166
	168
	181
	193
	210
	232
	202
	226
	223
	202
	222
	202
	190
	212
	205
	181
	177
	165
	176
	162
	157
	165
	172
	167
	163
	169
	165
	167
	153
	148
	164
	153
	144
	151
	147
	149
	150
	127
	135
	159
	144
	148
	155
	153
	137
	140
	149
	153
	164
	163
	159
	149
	166
	173
	144
	148
	153
	151
	134
	150
	147
	166
	154
	151
	152
	145
	145
	137
	153
	152
	159
	158
	155
	150
	136
	136
	137
	134
	143
	136
	134
	138
	144
	136
	134
	146
	139
	136
	152
	154
	160
	136
	143
	166
	158
	155
	150
	149
	150
	138
	130
	142
	139
	135
	139
	149
	145
	146
	147
	146
	141
	146
	138
	149
	163
	159
	153
	147
	145
	134
	133
	148
	150
	152
	149
	143
	126
	147
	146
	123
	138
	155
	156
	146
	133
	144
	145
	154
	158
	163
	164
	149
	154
	158
	148
	147
	148
	139
	141
	140
	155
	140
	153
	158
	136
	158
	157
	148
	144
	157
	149
	151
	159
	147
	144
	144
	144
	136
	145
	146
	142
	139
	137
	156
	150
	143
	148
	150
	153
	160
	165
	146
	135
	150
	152
	154
	144
	146
	162
	137
	146
	135
	140
	139
	154
	152
	146
	135
	146
	151
	146
	147
	135
	139
	143
	138
	141
	163
	157
	140
	131
	148
	134
	137
	159
	158
	145
	151
	152
	139
	151
	158
	143
	135
	141
	139
	150
	152
	142
	144
	150
	145
	156
	145
	145
	155
	168
	139
	141
	144
	143
	135
	140
	150
	149
	143
	148
	156
	155
	135
	145
	140
	138
	152
	142
	149
	153
	147
	146
	153
	174
	180
	162
	146
	138
	146
	161
	140
	148
	156
	146
	143
	132
	135
	149
	149
	145
	131
	143
	143
	142
	147
	157
	156
	147
	139
	154
	152
	142
	154
	150
	152
	152
	146
	143
	143
	137
	151
	141
	126
	148
	147
	142
	138
	165
	159
	139
	154
	155
	131
	139
	146
	129
	125
	136
	153
	164
	143
	133
	140
	143
	137
	140
	151
	134
	158
	163
	143
	149
	144
	147
	147
	142
	152
	156
	154
	160
	153
	160
	145
	140
	157
	147
	166
	142
	156
	168
	155
	151
	164
	153
	150
	149
	144
	155
	166
	170
	160
	166
	138
	146
	148
	164
	152
	153
	149
	149
	158
	174
	167
	166
	160
	154
	161
	172
	174
	154
	169
	175
	177
	168
	170
	182
	173
	163
	184
	158
	155
	158
	161
	171
	178
	184
	176
	171
	170
	179
	179
	197
	203
	204
	201
	195
	199
	187
	196
	207
	204
	220
	226
	210
	224
	226
	225
	237
	247
	231
	215
	208
	238
	253
	252
	263
	279
	283
	298
	300
	312
	334
	368
	393
	463
	533
	605
	703
	896
	1058
	1318
	1646
	1944
	2162
	2263
	2358
	2259
	2114
	1927
	1719
	1571
	1415
	1360
	1347
	1359
	1369
	1369
	1299
	1202
	1055
	855
	726
	636
	518
	433
	405
	362
	343
	334
	316
	309
	299
	316
	292
	294
	309
	322
	353
	360
	383
	442
	524
	578
	652
	681
	692
	756
	737
	668
	610
	607
	563
	544
	513
	505
	534
	505
	525
	487
	474
	464
	421
	385
	365
	333
	321
	311
	282
	293
	290
	306
	296
	290
	285
	304
	344
	336
	365
	395
	422
	476
	579
	685
	794
	925
	1132
	1413
	1685
	1979
	2166
	2290
	2332
	2310
	2137
	1983
	1745
	1591
	1462
	1437
	1392
	1387
	1452
	1394
	1312
	1215
	1048
	912
	754
	646
	560
	457
	439
	374
	321
	299
	310
	258
	251
	270
	271
	248
	258
	277
	266
	239
	227
	246
	233
	211
	213
	211
	221
	214
	187
	188
	205
	178
	183
	192
	184
	192
	193
	174
	172
	162
	179
	191
	164
	170
	179
	181
	183
	181
	167
	167
	184
	184
	179
	176
	180
	170
	170
	158
	172
	205
	184
	163
	167
	151
	163
	178
	189
	186
	183
	175
	183
	206
	173
	159
	180
	193
	175
	189
	191
	189
	202
	190
	175
	187
	190
	195
	203
	198
	204
	195
	192
	224
	215
	208
	229
	220
	209
	231
	205
	209
	233
	220
	234
	254
	251
	243
	251
	256
	266
	260
	245
	260
	264
	275
	294
	289
	275
	277
	302
	305
	323
	341
	343
	364
	370
	380
	399
	399
	397
	409
	432
	448
	456
	486
	596
	664
	792
	928
	1207
	1542
	2017
	2713
	3410
	4252
	5037
	5530
	5741
	5679
	5177
	4469
	3795
	3319
	2891
	2792
	2821
	3020
	3116
	3321
	3231
	2975
	2583
	2233
	1842
	1462
	1157
	965
	800
	663
	571
	524
	465
	417
	389
	409
	375
	353
	341
	312
	290
	292
	278
	266
	276
	267
	248
	238
	227
	213
	222
	235
	229
	219
	211
	215
	200
	195
	195
	182
	190
	187
	199
	174
	169
	163
	181
	172
	163
	166
	186
	174
	156
	165
	166
	172
	159
	155
	168
	185
	188
	168
	180
	199
	169
	155
	167
	161
	167
	159
	154
	162
	178
	166
	161
	169
	161
	170
	175
	152
	166
	141
	135
	153
	158
	160
	163
	157
	170
	161
	166
	162
	164
	148
	134
	142
	157
	146
	162
	166
	156
	162
	157
	140
	147
	159
	158
	168
	163
	141
	126
	146
	144
	137
	150
	162
	161
	150
	151
	154
	162
	165
	169
	166
	161
	158
	159
	163
	159
	164
	160
	168
	147
	151
	157
	146
	142
	135
	135
	142
	154
	155
	153
	154
	161
	140
	142
	163
	152
	140
	145
	145
	137
	131
	157
	151
	146
	152
	155
	145
	138
	144
	154
	157
	163
	148
	154
	146
	132
	144
	135
	129
	144
	138
	151
	147
	158
	156
	152
	153
	146
	128
	148
	158
	168
	169
	156
	148
	169
	163
	174
	175
	164
	168
	171
	162
	167
	173
	168
	166
	165
	160
	174
	174
	182
	163
	159
	159
	160
	170
	186
	190
	162
	177
	179
	206
	207
	238
	259
	287
	324
	371
	429
	520
	609
	684
	773
	799
	742
	683
	632
	560
	498
	444
	430
	427
	457
	477
	509
	504
	500
	483
	448
	390
	326
	295
	264
	238
	220
	203
	199
	176
	163
	168
	190
	171
	166
	168
	155
	172
	158
	162
	160
	157
	153
	169
	164
	147
	156
	159
	176
	147
	153
	158
	174
	162
	150
	149
	165
	143
	136
	145
	152
	148
	148
	152
	153
	155
	152
	144
	136
	150
	159
	143
	139
	139
	146
	147
	137
	143
	140
	147
	149
	148
	141
	151
	155
	148
	139
	141
	141
	142
	143
	134
	151
	139
	139
	139
	137
	125
	131
	125
	137
	137
	150
	138
	126
	118
	131
	135
	155
	156
	145
	137
	134
	127
	138
	112
	112
	133
	143
	139
	139
	160
	134
	130
	120
	123
	132
	138
	140
	136
	134
	122
	120
	132
	133
	131
	126
	109
	134
	132
	124
	119
	124
	141
	131
	144
	133
	118
	127
	132
	141
	144
	128
	131
	134
	129
	115
	113
	122
	135
	153
	140
	130
	126
	144
	127
	142
	134
	134
	137
	127
	125
	133
	122
	125
	111
	119
	117
	127
	114
	126
	130
	130
	117
	120
	122
	127
	129
	142
	131
	119
	121
	128
	131
	129
	144
	151
	130
	116
	130
	135
	128
	142
	138
	135
	135
	139
	128
	119
	130
	121
	135
	130
	114
	111
	131
	150
	127
	124
	121
	121
	114
	115
	108
	128
	138
	139
	132
	117
	123
	118
	130
	143
	136
	129
	125
	133
	139
	131
	148
	161
	143
	148
	133
	132
	139
	131
	124
	124
	138
	134
	144
	148
	137
	133
	142
	144
	141
	122
	124
	157
	146
	157
	139
	132
	134
	146
	141
	150
	158
	137
	134
	157
	155
	168
	180
	182
	176
	194
	209
	213
	192
	187
	188
	203
	197
	194
	188
	173
	172
	169
	176
	182
	176
	178
	173
	176
	173
	171
	191
	191
	162
	154
	150
	148
	139
	130
	150
	156
	144
	140
	138
	142
	147
	150
	158
	153
	142
	148
	147
	149
	146
	132
	133
	140
	163
	153
	154
	150
	143
	151
	153
	143
	137
	142
	129
	116
	113
	121
	136
	143
	137
	137
	139
	126
	126
	148
	141
	142
	146
	141
	149
	134
	135
	126
	131
	138
	133
	143
	136
	140
	129
	129
	133
	125
	128
	119
	132
	139
	146
	146
	145
	157
	163
	173
	184
	189
	193
	185
	191
	229
	226
	227
	243
	224
	224
	214
	209
	178
	193
	206
	192
	183
	187
	174
	186
	199
	190
	195
	196
	185
	165
	148
	144
	140
	152
	148
	149
	142
	132
	136
	132
	131
	137
	133
	141
	130
	131
	140
	140
	128
	126
	122
	122
	126
	127
	143
	137
	132
	129
	135
	131
	118
	133
	127
	131
	118
	121
	137
	128
	123
	123
	123
	122
	131
	139
	125
	120
	124
	120
	115
	126
	137
	126
	135
	123
	130
	125
	123
	139
	138
	114
	125
	132
	127
	121
	129
	129
	134
	128
	123
	127
	121
	121
	117
	119
	120
	129
	110
	125
	128
	132
	124
	116
	121
	113
	114
	114
	119
	131
	135
	127
	130
	138
	130
	118
	124
	118
	104
	116
	148
	132
	135
	126
	131
	136
	135
	129
	107
	114
	124
	127
	130
	126
	129
	137
	119
	123
	140
	140
	121
	126
	133
	119
	129
	151
	137
	129
	127
	116
	133
	127
	122
	140
	131
	126
	126
	113
	146
	150
	144
	118
	135
	120
	121
	122
	140
	139
	126
	121
	128
	133
	127
	114
	130
	130
	138
	129
	126
	131
	160
	140
	123
	128
	128
	131
	144
	131
	135
	142
	147
	130
	129
	138
	134
	132
	125
	121
	112
	122
	123
	127
	141
	137
	145
	129
	125
	144
	134
	123
	126
	121
	127
	146
	136
	132
	140
	130
	124
	150
	135
	129
	123
	137
	130
	140
	137
	125
	130
	124
	125
	127
	131
	149
	145
	134
	139
	138
	136
	136
	126
	141
	151
	135
	149
	121
	129
	139
	144
	143
	124
	143
	145
	137
	134
	121
	126
	150
	149
	154
	144
	128
	130
	155
	139
	133
	136
	154
	154
	158
	143
	156
	149
	157
	164
	171
	169
	155
	152
	155
	160
	158
	163
	164
	161
	176
	165
	200
	206
	207
	208
	170
	193
	176
	197
	200
	218
	235
	231
	234
	225
	219
	238
	240
	242
	234
	246
	245
	270
	271
	291
	296
	278
	302
	347
	344
	380
	403
	433
	529
	592
	677
	820
	973
	1175
	1408
	1685
	1987
	2338
	2509
	2629
	2719
	2659
	2412
	2195
	1937
	1655
	1457
	1332
	1252
	1257
	1323
	1437
	1461
	1484
	1497
	1522
	1438
	1244
	1157
	970
	760
	651
	584
	513
	449
	400
	376
	373
	342
	293
	288
	291
	287
	275
	268
	251
	232
	244
	234
	222
	225
	217
	230
	224
	231
	220
	208
	201
	217
	224
	203
	217
	215
	205
	205
	217
	246
	246
	250
	263
	255
	245
	259
	257
	272
	286
	284
	292
	291
	318
	338
	327
	317
	329
	347
	379
	376
	372
	404
	396
	421
	439
	467
	479
	486
	538
	583
	660
	746
	809
	907
	1071
	1238
	1498
	1793
	2176
	2642
	3069
	3605
	4050
	4420
	4701
	4797
	4651
	4338
	3967
	3457
	3207
	2873
	2653
	2616
	2551
	2545
	2638
	2672
	2676
	2778
	2732
	2595
	2345
	2055
	1810
	1600
	1406
	1206
	1079
	930
	819
	725
	613
	582
	522
	483
	446
	421
	377
	357
	350
	367
	335
	296
	302
	298
	264
	260
	256
	223
	230
	228
	224
	217
	216
	211
	189
	194
	206
	229
	199
	180
	183
	178
	191
	189
	173
	195
	198
	176
	187
	175
	187
	196
	209
	208
	195
	193
	184
	203
	213
	198
	195
	188
	164
	178
	184
	167
	171
	181
	174
	175
	174
	182
	174
	171
	175
	160
	153
	138
	143
	155
	153
	137
	131
	154
	155
	146
	130
	132
	149
	150
	151
	141
	140
	153
	151
	125
	125
	151
	144
	145
	144
	141
	146
	129
	124
	132
	145
	140
	153
	149
	145
	139
	132
	136
	140
	142
	154
	130
	144
	144
	127
	136
	140
	127
	134
	140
	144
	130
	140
	151
	148
	129
	129
	129
	139
	131
	129
	132
	129
	122
	129
	122
	125
	126
	140
	143
	130
	121
	123
	149
	136
	130
	127
	125
	135
	130
	124
	136
	129
	114
	129
	135
	132
	125
	125
	141
	135
	129
	133
	142
	136
	132
	131
	137
	138
	133
	118
	125
	124
	135
	132
	123
	124
	131
	133
	121
	121
	128
	126
	130
	121
	110
	114
	120
	122
	126
	115
	127
	101
	120
	120
	117
	140
	144
	127
	125
	121
	129
	133
	131
	130
	116
	115
	126
	120
	139
	110
	114
	134
	127
	122
	138
	138
	140
	126
	122
	117
	118
	128
	127
	125
	122
	114
	121
	117
	119
	129
	129
	114
	118
	138
	141
	117
	126
	132
	130
	121
	120
	120
	132
	154
	144
	132
	125
	120
	129
	126
	126
	119
	119
	137
	127
	128
	128
	128
	140
	132
	124
	126
	128
	135
	122
	118
	110
	137
	147
	139
	136
	123
	134
	141
	138
	158
	138
	128
	128
	137
	138
	136
	136
	127
	138
	141
	136
	140
	141
	122
	129
	128
	118
	131
	132
	145
	126
	161
	146
	145
	152
	154
	148
	146
	143
	163
	171
	178
	178
	173
	164
	188
	194
	212
	240
	267
	310
	295
	350
	382
	395
	436
	469
	465
	465
	411
	383
	351
	303
	277
	261
	274
	272
	269
	263
	279
	283
	315
	326
	304
	291
	247
	236
	223
	205
	178
	179
	165
	153
	157
	148
	142
	149
	157
	127
	135
	138
	136
	134
	123
	142
	131
	128
	139
	129
	125
	124
	139
	127
	111
	115
	122
	122
	121
	134
	120
	122
	165
	146
	123
	120
	117
	126
	125
	134
	122
	119
	115
	117
	132
	131
	118
	121
	119
	124
	116
	111
	125
	122
	122
	103
	109
	124
	121
	132
	120
	118
	136
	137
	131
	129
	113
	112
	123
	123
	118
	113
	111
	123
	127
	133
	122
	118
	124
	124
	120
	109
	127
	121
	118
	120
	117
	123
	121
	129
	118
	99
	119
	128
	120
	123
	127
	116
	132
	125
	118
	112
	116
	110
	132
	132
	149
	148
	155
	162
	163
	155
	155
	167
	150
	141
	152
	140
	138
	130
	127
	137
	124
	134
	139
	140
	139
	145
	150
	137
	132
	140
	139
	143
	139
	118
	117
	109
	105
	104
	105
	123
	123
	130
	111
	115
	113
	123
	114
	111
	121
	117
	101
	117
	126
	125
	107
	119
	124
	122
	113
	123
	106
	107
	112
	122
	129
	127
	136
	143
	102
	93
	114
	118
	108
	110
	113
	119
	124
	118
	108
	133
	137
	107
	120
	108
	98
	109
	137
	117
	109
	130
	116
	111
	135
	129
	115
	110
	113
	117
	115
	108
	104
	119
	108
	105
	108
	115
	111
	101
	95
	110
	111
	97
	111
	110
	98
	102
	112
	130
	124
	109
	122
	118
	117
	102
	114
	102
	109
	108
	113
	107
	113
	98
	108
	123
	119
	120
	116
	110
	106
	129
	125
	113
	125
	107
	118
	114
	114
	106
	114
	122
	109
	113
	115
	115
	117
	108
	125
	122
	118
	118
	109
	106
	122
	127
	125
	122
	126
	129
	126
	116
	118
	118
	114
	101
	103
	120
	134
	125
	118
	115
	129
	114
	107
	116
	119
	119
	106
	115
	122
	124
	119
	100
	110
	116
	116
	126
	127
	122
	117
	109
	118
	113
	112
	104
	113
	127
	119
	125
	126
	112
	105
	105
	118
	119
	125
	127
	125
	133
	125
	118
	108
	131
	135
	124
	109
	110
	109
	113
	122
	120
	124
	125
	124
	136
	132
	124
	132
	129
	119
	107
	100
	110
	115
	111
	112
	106
	109
	127
	132
	125
	119
	115
	120
	128
	140
	124
	112
	117
	118
	111
	123
	130
	136
	131
	125
	117
	113
	115
	117
	118
	130
	117
	131
	125
	139
	126
	122
	140
	144
	116
	127
	141
	129
	129
	143
	157
	152
	148
	154
	157
	152
	149
	160
	181
	168
	147
	145
	155
	153
	156
	173
	157
	169
	179
	180
	179
	176
	171
	180
	188
	181
	216
	233
	222
	245
	275
	281
	300
	342
	380
	405
	467
	547
	633
	741
	841
	932
	962
	1036
	1063
	1038
	995
	922
	827
	699
	654
	597
	525
	537
	527
	556
	542
	539
	567
	633
	691
	668
	652
	634
	596
	565
	518
	459
	412
	365
	361
	327
	321
	292
	260
	291
	291
	238
	242
	254
	276
	265
	260
	230
	236
	244
	246
	249
	243
	244
	270
	268
	267
	297
	305
	343
	369
	390
	486
	547
	643
	754
	901
	1072
	1264
	1480
	1747
	2006
	2172
	2134
	2075
	1972
	1716
	1479
	1263
	1086
	945
	848
	786
	750
	742
	805
	857
	921
	1035
	1143
	1182
	1188
	1135
	1051
	948
	798
	696
	599
	543
	429
	363
	345
	302
	301
	271
	252
	228
	225
	210
	195
	200
	205
	196
	183
	180
	186
	180
	174
	160
	165
	170
	168
	166
	173
	173
	154
	160
	159
	141
	138
	146
	147
	139
	148
	152
	136
	127
	145
	149
	132
	136
	135
	120
	138
	150
	140
	144
	154
	156
	160
	140
	153
	157
	157
	163
	155
	151
	154
	147
	163
	162
	155
	165
	162
	168
	180
	169
	173
	182
	207
	193
	201
	200
	204
	215
	202
	212
	235
	238
	245
	263
	287
	300
	339
	406
	438
	473
	560
	579
	624
	688
	767
	864
	915
	992
	977
	993
	1021
	1007
	949
	865
	806
	761
	739
	710
	664
	612
	648
	630
	639
	634
	638
	645
	688
	680
	629
	612
	585
	542
	537
	463
	404
	379
	356
	314
	293
	302
	270
	270
	253
	235
	215
	212
	204
	192
	186
	176
	174
	180
	163
	150
	158
	169
	179
	165
	160
	165
	156
	156
	141
	145
	138
	121
	134
	122
	131
	142
	129
	136
	142
	134
	141
	137
	135
	137
	150
	143
	152
	169
	148
	142
	158
	150
	126
	127
	136
	135
	138
	127
	146
	145
	130
	117
	119
	129
	143
	155
	131
	131
	134
	147
	135
	104
	107
	120
	116
	118
	126
	127
	114
	122
	120
	114
	107
	110
	111
	116
	113
	121
	115
	115
	121
	127
	106
	125
	112
	111
	123
	117
	112
	102
	111
	119
	115
	119
	123
	114
	120
	116
	120
	116
	123
	118
	131
	117
	120
	110
	109
	108
	102
	111
	131
	127
	112
	118
	120
	119
	113
	126
	131
	126
	115
	113
	129
	123
	116
	127
	122
	132
	142
	138
	128
	135
	125
	122
	128
	131
	135
	130
	126
	143
	128
	135
	157
	155
	167
	187
	187
	193
	208
	207
	218
	218
	240
	260
	253
	240
	219
	209
	211
	210
	182
	170
	190
	178
	164
	168
	161
	165
	185
	194
	203
	189
	186
	199
	190
	167
	151
	161
	153
	162
	160
	144
	152
	153
	141
	130
	132
	159
	142
	110
	128
	140
	126
	114
	125
	126
	126
	130
	133
	123
	128
	140
	138
	130
	130
	136
	130
	121
	134
	133
	132
	140
	144
	128
	128
	130
	134
	136
	132
	132
	131
	129
	136
	136
	145
	142
	133
	133
	140
	146
	141
	146
	157
	156
	144
	166
	183
	192
	199
	201
	215
	249
	280
	310
	345
	387
	413
	460
	521
	573
	594
	619
	622
	566
	567
	526
	431
	393
	385
	332
	319
	317
	289
	282
	291
	295
	325
	329
	353
	381
	358
	382
	370
	348
	342
	286
	269
	240
	223
	204
	194
	162
	144
	141
	127
	130
	138
	132
	145
	143
	116
	124
	136
	122
	113
	118
	126
	125
	113
	119
	116
	107
	114
	112
	114
	127
	127
	118
	120
	116
	117
	112
	127
	118
	109
	118
	103
	104
	108
	98
	119
	125
	126
	108
	113
	105
	101
	108
	114
	113
	105
	94
	101
	102
	99
	100
	107
	110
	115
	112
	114
	119
	110
	110
	101
	112
	111
	109
	127
	116
	119
	104
	106
	122
	114
	119
	123
	118
	99
	109
	101
	114
	115
	114
	114
	118
	109
	102
	114
	121
	110
	105
	106
	106
	115
	110
	127
	123
	115
	113
	115
	125
	107
	103
	104
	107
	108
	92
	90
	110
	112
	112
	121
	123
	110
	106
	130
	112
	100
	108
	102
	107
	106
	99
	102
	103
	107
	112
	98
	90
	88
	103
	121
	103
	107
	116
	113
	113
	118
	96
	99
	110
	114
	101
	95
	106
	111
	112
	111
	115
	119
	107
	100
	95
	110
	106
	97
	96
	103
	103
	103
	117
	106
	110
	111
	113
	108
	120
	107
	112
	118
	107
	114
	118
	122
	125
	126
	128
	135
	118
	118
	109
	121
	127
	123
	120
	110
	114
	109
	108
	114
	128
	118
	127
	126
	124
	128
	128
	130
	114
	113
	121
	123
	118
	115
	138
	123
	121
	119
	115
	115
	119
	124
	120
	114
	98
	104
	112
	110
	127
	118
	103
	94
	109
	108
	116
	117
	115
	115
	110
	110
	108
	106
	106
	116
	106
	102
	107
	117
	110
	94
	108
	105
	99
	99
	110
	102
	107
	110
	114
	101
	106
	106
	127
	125
	110
	112
	117
	106
	119
	119
	99
	103
	112
	120
	114
	112
	130
	124
	120
	109
	127
	125
	117
	106
	108
	116
	139
	141
	121
	126
	132
	133
	131
	122
	132
	144
	149
	143
	139
	146
	150
	167
	186
	192
	192
	215
	235
	251
	260
	276
	325
	352
	389
	420
	460
	485
	534
	535
	565
	495
	497
	447
	389
	346
	317
	304
	287
	267
	233
	236
	260
	266
	282
	314
	293
	307
	309
	349
	334
	329
	311
	288
	302
	245
	227
	227
	205
	178
	168
	166
	160
	151
	148
	158
	136
	119
	123
	114
	131
	132
	121
	119
	127
	126
	110
	124
	141
	138
	128
	131
	126
	118
	134
	135
	120
	101
	113
	117
	107
	118
	108
	113
	102
	109
	106
	113
	118
	128
	125
	108
	116
	118
	112
	124
	126
	103
	112
	119
	109
	106
	107
	120
	114
	125
	99
	117
	121
	119
	121
	121
	126
	121
	115
	112
	108
	105
	110
	120
	120
	108
	104
	105
	120
	114
	125
	114
	121
	118
	121
	117
	116
	103
	116
	118
	117
	116
	117
	117
	114
	118
	112
	108
	106
	118
	138
	132
	124
	108
	111
	111
	98
	115
	113
	104
	95
	107
	115
	108
	107
	110
	126
	119
	112
	108
	112
	102
	119
	104
	111
	117
	108
	110
	117
	120
	115
	102
	114
	115
	109
	116
	123
	111
	112
	113
	113
	122
	126
	116
	114
	130
	127
	132
	122
	118
	117
	123
	114
	123
	133
	132
	124
	130
	125
	131
	126
	126
	129
	133
	146
	136
	139
	145
	127
	138
	135
	155
	166
	150
	157
	171
	164
	154
	157
	170
	156
	157
	169
	169
	167
	177
	183
	189
	188
	213
	227
	234
	237
	247
	263
	289
	322
	372
	460
	513
	624
	713
	817
	931
	1020
	1064
	1104
	1011
	950
	891
	783
	730
	625
	536
	505
	483
	483
	456
	453
	468
	512
	589
	648
	718
	745
	883
	963
	1049
	1094
	1158
	1178
	1199
	1185
	1190
	1238
	1182
	1131
	1019
	964
	890
	820
	743
	675
	635
	593
	584
	576
	521
	544
	544
	521
	552
	589
	624
	634
	654
	657
	605
	604
	547
	505
	461
	445
	421
	371
	342
	310
	298
	284
	254
	252
	244
	241
	212
	212
	224
	207
	186
	173
	182
	191
	181
	176
	164
	149
	154
	156
	162
	172
	158
	166
	165
	141
	127
	148
	153
	142
	147
	142
	135
	134
	129
	115
	117
	122
	117
	117
	118
	124
	122
	121
	129
	124
	122
	122
	112
	116
	126
	136
	125
	128
	110
	124
	123
	124
	122
	130
	130
	132
	130
	121
	125
	120
	130
	127
	137
	130
	125
	122
	124
	117
	114
	117
	123
	111
	112
	122
	121
	117
	114
	124
	129
	119
	113
	117
	123
	114
	132
	132
	125
	140
	129
	125
	123
	122
	121
	122
	116
	114
	125
	114
	122
	124
	120
	115
	116
	122
	128
	111
	122
	120
	123
	115
	135
	125
	131
	115
	113
	121
	119
	118
	129
	113
	114
	138
	128
	112
	141
	143
	136
	120
	127
	129
	122
	129
	154
	149
	157
	158
	156
	162
	155
	141
	151
	147
	142
	146
	134
	148
	138
	136
	127
	128
	124
	146
	146
	122
	124
	131
	136
	139
	148
	138
	133
	154
	161
	133
	140
	138
	131
	128
	135
	135
	130
	133
	133
	130
	125
	108
	114
	116
	123
	110
	108
	125
	112
	117
	127
	115
	112
	126
	129
	129
	124
	114
	120
	125
	134
	130
	120
	117
	125
	140
	129
	119
	132
	141
	147
	136
	148
	139
	144
	139
	138
	129
	141
	151
	157
	148
	158
	161
	166
	180
	195
	209
	223
	254
	269
	309
	323
	359
	396
	437
	510
	542
	616
	623
	633
	611
	569
	524
	447
	381
	340
	310
	292
	253
	237
	238
	245
	249
	241
	267
	288
	293
	294
	327
	324
	364
	382
	358
	332
	323
	280
	266
	216
	203
	198
	176
	184
	178
	179
	148
	140
	136
	138
	141
	123
	132
	137
	126
	120
	120
	121
	132
	144
	121
	115
	122
	117
	115
	117
	105
	103
	112
	98
	111
	101
	104
	118
	110
	110
	110
	122
	104
	102
	108
	102
	117
	118
	106
	109
	112
	107
	110
	102
	110
	114
	107
	104
	110
	126
	103
	108
	103
	95
	111
	115
	101
	99
	104
	106
	108
	118
	127
	121
	123
	110
	116
	115
	113
	104
	100
	105
	105
	98
	107
	100
	101
	103
	100
	105
	99
	108
	117
	109
	107
	114
	102
	113
	98
	91
	103
	105
	93
	99
	105
	110
	106
	105
	100
	104
	106
	114
	117
	117
	102
	97
	104
	116
	107
	108
	102
	111
	106
	107
	96
	108
	116
	103
	110
	115
	106
	105
	106
	113
	106
	106
	105
	108
	99
	105
	105
	103
	100
	106
	97
	108
	113
	120
	114
	112
	109
	101
	111
	106
	101
	107
	108
	102
	96
	102
	99
	105
	122
	119
	106
	102
	101
	107
	110
	102
	100
	112
	116
	112
	103
	101
	110
	112
	111
	114
	120
	112
	108
	94
	114
	114
	95
	115
	114
	107
	123
	115
	119
	116
	117
	102
	100
	106
	99
	114
	103
	108
	102
	117
	125
	121
	116
	107
	104
	100
	106
	111
	121
	124
	116
	111
	107
	111
	112
	99
	105
	118
	112
	101
	112
	122
	98
	100
	99
	107
	117
	109
	109
	109
	94
	91
	98
	110
	102
	95
	92
	103
	103
	93
	93
	93
	93
	112
	103
	102
	107
	108
	102
	97
	95
	104
	110
	112
	108
	109
	109
	108
	99
	103
	100
	95
	99
	112
	111
	107
	100
	103
	101
	106
	107
	108
	88
	96
	109
	114
	114
	110
	117
	109
	117
	109
	97
	106
	109
	117
	110
	109
	98
	100
	94
	96
	106
	99
	100
	109
	97
	96
	105
	103
	97
	98
	97
	109
	101
	110
	95
	103
	104
	110
	98
	103
	103
	102
	114
	116
	123
	111
	109
	111
	118
	106
	106
	108
	124
	113
	109
	104
	96
	103
	106
	116
	110
	110
	111
	121
	112
	116
	116
	114
	118
	114
	101
	132
	119
	97
	103
	122
	109
	115
	115
	110
	112
	124
	122
	120
	117
	108
	116
	121
	111
	126
	137
	144
	152
	187
	182
	191
	200
	234
	266
	259
	298
	318
	324
	326
	297
	290
	279
	271
	249
	232
	200
	169
	170
	171
	174
	176
	186
	203
	209
	207
	219
	205
	244
	232
	238
	259
	264
	294
	286
	269
	261
	264
	253
	239
	256
	224
	216
	205
	215
	202
	206
	210
	206
	217
	213
	219
	230
	270
	278
	301
	343
	392
	417
	437
	442
	500
	570
	638
	669
	661
	699
	728
	725
	691
	663
	631
	588
	526
	520
	481
	416
	397
	401
	362
	358
	345
	328
	331
	336
	387
	399
	433
	424
	459
	438
	421
	436
	417
	399
	353
	355
	324
	287
	270
	271
	259
	246
	227
	199
	184
	184
	184
	171
	166
	159
	143
	143
	139
	122
	116
	131
	119
	123
	142
	110
	107
	119
	120
	120
	123
	121
	102
	119
	125
	122
	113
	107
	107
	102
	110
	112
	113
	117
	106
	115
	117
	118
	101
	101
	99
	108
	109
	98
	102
	104
	125
	107
	111
	112
	94
	102
	103
	113
	111
	103
	102
	102
	93
	100
	112
	112
	107
	95
	95
	103
	104
	110
	107
	117
	102
	101
	102
	104
	98
	102
	89
	88
	96
	101
	105
	102
	107
	114
	124
	113
	97
	104
	111
	105
	100
	98
	118
	116
	107
	111
	106
	99
	107
	96
	97
	100
	103
	113
	108
	97
	114
	118
	106
	104
	98
	103
	104
	119
	113
	97
	98
	108
	107
	104
	98
	111
	104
	103
	104
	104
	104
	112
	109
	115
	122
	118
	102
	103
	110
	92
	95
	120
	93
	95
	91
	86
	85
	93
	101
	107
	110
	102
	104
	104
	111
	112
	100
	103
	104
	107
	97
	115
	112
	108
	98
	96
	97
	111
	100
	98
	99
	93
	105
	109
	111
	94
	102
	92
	90
	102
	85
	112
	124
	104
	90
	102
	107
	109
	105
	96
	104
	105
	100
	94
	95
	97
	96
	103
	111
	100
	101
	100
	109
	111
	105
	106
	97
	102
	119
	114
	115
	116
	114
	120
	113
	110
	112
	106
	133
	123
	119
	126
	123
	136
	123
	119
	128
	134
	146
	137
	127
	137
	150
	150
	152
	142
	143
	134
	126
	130
	124
	116
	111
	117
	134
	125
	124
	112
	109
	111
	124
	124
	128
	122
	126
	129
	128
	120
	126
	126
	130
	129
	129
	130
	119
	109
	111
	103
	99
	121
	98
	102
	113
	104
	102
	97
	100
	94
	101
	99
	100
	110
	113
	109
	101
	110
	107
	105
	93
	103
	128
	108
	111
	109
	99
	93
	105
	104
	97
	106
	106
	114
	108
	98
	96
	108
	106
	98
	98
	91
	79
	99
	112
	93
	105
	112
	100
	106
	102
	103
	95
	96
	106
	107
	95
	102
	112
	107
	97
	96
	96
	90
	96
	96
	83
	101
	106
	99
	101
	104
	111
	106
	107
	105
	116
	109
	104
	102
	104
	97
	95
	103
	106
	90
	89
	100
	99
	102
	104
	101
	97
	103
	100
	101
	109
	104
	103
	105
	116
	101
	108
	101
	113
	99
	94
	102
	92
	104
	118
	100
	96
	103
	106
	102
	100
	93
	95
	98
	101
	103
	104
	102
	91
	96
	105
	92
	94
	111
	108
	95
	96
	98
	97
	86
	87
	107
	104
	108
	105
	110
	99
	101
	102
	92
	100
	112
	109
	98
	93
	111
	111
	101
	102
	93
	92
	101
	98
	103
	106
	107
	109
	98
	111
	116
	94
	111
	119
	108
	105
	125
	117
	121
	107
	111
	108
	103
	111
	117
	117
	110
	116
	120
	120
	119
	127
	119
	127
	122
	131
	122
	127
	115
	115
	120
	117
	117
	117
	119
	115
	107
	115
	121
	119
	117
	109
	112
	104
	103
	92
	113
	123
	109
	111
	125
	130
	114
	117
	110
	109
	119
	110
	105
	104
	109
	112
	110
	120
	105
	112
	108
	105
	124
	104
	101
	101
	101
	94
	98
	113
	114
	103
	105
	111
	107
	109
	116
	119
	107
	124
	103
	91
	96
	104
	118
	116
	120
	114
	123
	118
	118
	120
	122
	119
	111
	126
	117
	124
	137
	124
	122
	127
	129
	123
	110
	119
	121
	116
	110
	127
	119
	115
	120
	123
	113
	113
	127
	118
	115
	125
	125
	104
	123
	116
	97
	111
	110
	145
	119
	127
	119
	116
	111
	116
	111
	105
	101
	112
	114
	116
	111
	96
	108
	115
	119
	124
	123
	115
	102
	105
	93
	104
	118
	121
	117
	106
	110
	116
	132
	120
	126
	117
	109
	118
	114
	117
	117
	112
	117
	122
	116
	129
	139
	131
	119
	123
	116
	115
	125
	129
	121
	134
	137
	130
	130
	149
	135
	137
	137
	138
	142
	150
	142
	146
	151
	160
	164
	160
	151
	159
	167
	184
	187
	176
	196
	206
	217
	214
	215
	240
	276
	303
	323
	351
	383
	408
	430
	460
	504
	526
	529
	503
	509
	506
	445
	426
	418
	356
	311
	295
	268
	270
	256
	252
	254
	262
	249
	248
	268
	266
	268
	287
	289
	316
	349
	324
	326
	359
	344
	366
	334
	311
	279
	293
	289
	249
	250
	241
	232
	227
	226
	223
	216
	223
	227
	231
	247
	264
	261
	252
	293
	312
	349
	357
	373
	417
	453
	473
	502
	512
	534
	520
	500
	506
	484
	442
	435
	382
	344
	319
	294
	268
	262
	256
	215
	230
	242
	242
	257
	260
	265
	257
	270
	275
	307
	314
	315
	347
	370
	357
	373
	345
	342
	297
	285
	268
	233
	234
	207
	205
	215
	202
	170
	180
	193
	175
	179
	196
	197
	180
	175
	176
	176
	169
	202
	206
	176
	200
	225
	229
	230
	238
	246
	266
	274
	297
	319
	327
	376
	412
	450
	518
	586
	620
	655
	733
	798
	813
	842
	800
	776
	765
	718
	645
	588
	554
	512
	451
	422
	384
	366
	370
	366
	357
	357
	349
	329
	335
	360
	391
	404
	441
	444
	452
	526
	519
	487
	504
	499
	473
	465
	434
	391
	389
	359
	330
	308
	291
	260
	259
